3.390724091639441440e+02
3.466006423097476272e+02
3.356128084768768076e+02
3.405773294737527408e+02
3.383035996647861339e+02
3.359726358036173224e+02
3.585285539827889352e+02
3.670181322914175439e+02
3.497786515596430377e+02
3.449958324324021532e+02
3.547927465002483700e+02
3.272097152961025017e+02
3.208739145160108137e+02
3.015735368573162987e+02
2.957601998184284184e+02
2.935620153148819327e+02
2.990106663168118075e+02
3.035798934873951112e+02
3.046729692613840825e+02
3.136337968586797160e+02
2.983386501203579542e+02
3.040191363513326337e+02
3.013269199388765287e+02
3.013527471187744027e+02
2.922494672713160639e+02
3.002089020791487997e+02
3.005350666441739804e+02
3.018535839899404891e+02
3.038859075067957747e+02
3.057312385948038695e+02
3.086084582030357524e+02
3.096261564790353304e+02
3.029472921391903810e+02
3.036794627594909457e+02
2.919644050671892046e+02
2.926852816078194905e+02
2.891737892588269006e+02
2.959893436151130572e+02
2.912358567059134202e+02
2.899643502875226773e+02
2.907617884573772926e+02
2.883896371201762463e+02
2.868575538338416209e+02
2.874889765854451866e+02
2.894845312596519875e+02
2.869180000200027507e+02
2.842362915024785366e+02
2.824181620378494131e+02
2.893323007683947026e+02
2.788408984006632636e+02
2.841982898815032854e+02
2.843122235276045444e+02
2.865049167914694408e+02
2.854163013131767457e+02
2.890302773063203858e+02
2.885592434874882883e+02
2.836929687294764335e+02
2.914781592238127246e+02
2.855244279869045272e+02
2.917262080501482160e+02
2.947212673506875831e+02
2.912835835774699831e+02
2.947601083393816452e+02
2.936972826200304780e+02
2.994952692851574056e+02
2.947748991383514294e+02
2.910044635313525418e+02
2.930931924960873971e+02
2.869975868022698933e+02
2.910050535108481427e+02
2.907622305728890524e+02
2.938269232528063526e+02
2.861078572454236451e+02
2.913035003811305046e+02
2.870352353161047745e+02
2.961029315254007770e+02
2.965542020166238899e+02
2.976973545464294943e+02
3.016024577718038131e+02
3.035700460603811166e+02
2.973140769225668691e+02
2.964587420013955921e+02
2.916539279887096541e+02
2.959567457827312751e+02
3.009134826602754060e+02
3.008988261257885597e+02
3.073354146005145822e+02
3.139311374333876188e+02
3.117150454193955511e+02
3.109751014029654357e+02
3.223408983636419407e+02
3.376056907187669367e+02
3.539037971220210466e+02
3.586560344205032607e+02
3.661704801975634496e+02
3.724535564472087117e+02
3.913599592286471989e+02
4.181961569989535974e+02
4.303029636968416867e+02
4.186977039416470348e+02
4.165632652121141177e+02
4.270459799593780872e+02
4.165726818869142107e+02
4.308712651705876056e+02
4.269698407100604527e+02
4.174931637082937641e+02
4.530174476762439326e+02
4.795622357088062699e+02
4.861552582267335652e+02
5.062868280902793572e+02
4.962839741421108783e+02
4.813752706417319587e+02
4.670134611942706897e+02
4.876461787861000516e+02
4.740911374130503191e+02
4.508152961215894834e+02
4.412678432842769780e+02
4.304144260777832187e+02
4.480205518676177121e+02
4.395464250982585099e+02
4.536278877962849378e+02
4.899742997244344451e+02
5.030829178925309293e+02
5.272543395537613833e+02
5.432731655858004842e+02
5.810054017583772747e+02
5.789395310063202942e+02
5.575465498103720847e+02
5.224229416401493609e+02
5.248581398876641515e+02
5.032946518485096021e+02
5.128940107766595702e+02
5.012736871874731719e+02
4.906670173713192185e+02
5.177988203677243746e+02
5.896974181105809976e+02
6.390812309222230851e+02
7.710402771854827506e+02
7.907065010687977065e+02
7.486138266203388412e+02
7.001832408470986593e+02
8.114430130135652917e+02
8.398246179707996362e+02
8.928367661131101158e+02
8.314193484964605432e+02
8.525645025816284033e+02
9.672712862669309288e+02
9.643928576506978061e+02
1.000272769032000497e+03
9.444330647720147454e+02
9.363772058390316033e+02
9.279823715246235452e+02
8.789849236529456675e+02
8.642178394657514673e+02
8.894025187187263555e+02
9.205249806710646681e+02
9.324566034473309628e+02
9.326736524952943910e+02
9.278211512533631549e+02
1.170366120385800741e+03
1.074037509131001798e+03
1.021404196520237974e+03
1.054790791852130951e+03
9.950525259458253231e+02
9.036332177461518995e+02
1.043863959286336694e+03
1.184361254335058447e+03
1.230654783819442400e+03
1.285569628710923325e+03
1.249727753808152329e+03
1.216996091603065224e+03
1.290503768277972767e+03
1.480997143313623383e+03
1.479163117913681845e+03
1.333004187861658238e+03
1.371873129967216983e+03
1.519636768481355375e+03
1.536647843780196354e+03
1.507059294122417896e+03
1.594256208777720531e+03
1.582378473465388652e+03
1.458143604400654340e+03
1.922378794837239639e+03
2.009364317345874952e+03
2.588212753035011701e+03
2.849280690665158545e+03
3.014182998771601433e+03
2.823388767674314295e+03
2.532710675062177870e+03
2.221491847529448933e+03
1.895715414667633240e+03
1.691219216979307703e+03
1.603769948689823195e+03
1.492717815419906401e+03
1.350017708755118974e+03
1.294965277989604601e+03
1.280470024511534348e+03
1.311490372398855925e+03
1.291585821407682033e+03
1.286700499015975765e+03
1.021750490027573505e+03
1.123034669521825890e+03
1.066702102007693384e+03
1.097794838629345122e+03
1.011985246855937135e+03
9.321826228143563640e+02
8.281633280468565772e+02
7.711504904958524094e+02
7.290835675430939773e+02
7.462152616950306765e+02
7.205880568206893031e+02
6.770562386416642084e+02
6.876292882426376991e+02
6.597208907118940715e+02
6.845353229710897267e+02
6.627662528371395183e+02
6.955380039134445269e+02
7.266950529480719752e+02
7.825206961190420998e+02
7.699309711294406497e+02
9.917988164098734387e+02
1.281058155643298960e+03
1.228232515718604873e+03
1.017567221101970858e+03
9.601580339302149696e+02
9.173341781962888035e+02
8.761596782098123413e+02
8.035150588886600644e+02
8.139461989289520716e+02
8.727739185310423409e+02
1.044301281970635500e+03
1.292814241114125025e+03
1.377753724264835455e+03
1.450392076673727615e+03
1.586544204502990851e+03
1.750261604072479713e+03
1.691205159133222196e+03
1.486625894399446679e+03
1.728401304206917303e+03
1.581829022240965514e+03
1.470507508060003147e+03
1.483605355252537720e+03
1.637826633021528778e+03
1.508400291566098758e+03
1.708400660017500513e+03
1.858687177172933389e+03
1.915916477393606556e+03
2.583932391696747345e+03
2.308893193882389824e+03
1.936372063419073356e+03
1.620447636797403902e+03
1.781529503664740332e+03
1.926787132425949721e+03
1.657880098514194287e+03
1.553644590884967556e+03
1.596543319099644350e+03
1.545203668682140687e+03
1.629554289541604703e+03
1.921811416079344099e+03
2.042538547953234684e+03
2.163927612977848185e+03
2.002035981963038466e+03
1.856503612223996242e+03
1.796771333315467928e+03
1.634484302434271513e+03
2.018366658379736236e+03
1.919042394870416501e+03
1.752079713573513118e+03
1.656989292848208379e+03
1.748613411694265551e+03
1.789780683791186902e+03
1.707126534017918402e+03
1.570165472234876461e+03
1.519266182242917694e+03
1.367189891434122046e+03
1.260392169742602618e+03
1.230216986666969660e+03
1.214026842210816085e+03
1.113679212517777842e+03
1.076200626083727229e+03
1.000997005960276056e+03
9.879092068804351356e+02
9.655553365491059594e+02
9.682422890418197312e+02
9.589056222095003932e+02
8.976382293592936321e+02
8.922006429089038875e+02
8.505970880328377461e+02
8.398716124305644826e+02
7.982361519400415091e+02
7.884080019427814250e+02
7.877926949600217768e+02
7.593803454075477930e+02
7.416991543542114869e+02
7.127774927143917694e+02
7.209651436466998575e+02
7.047372592090951002e+02
6.957490611741851581e+02
6.893102435672872161e+02
6.770766915183446599e+02
6.610832118805825530e+02
6.500117001998953583e+02
6.255850744129576242e+02
6.292664613397056428e+02
6.203706100899707963e+02
5.878155305308017660e+02
5.800171998378592662e+02
5.754984890655159688e+02
5.714794538614322619e+02
5.682304225803763984e+02
5.368336558456737748e+02
5.453788103590190985e+02
5.596472076618562141e+02
5.318995440459658539e+02
5.345629621287708915e+02
5.061599760332185838e+02
5.286114034429317599e+02
5.033204169371950343e+02
4.819859582277213121e+02
4.719281274769596166e+02
4.758276296263866811e+02
4.701846559470385500e+02
4.549154236991078051e+02
4.568282514411411057e+02
4.370313906889275017e+02
4.252319922244409440e+02
4.196296872898423658e+02
4.274924402113814494e+02
4.025403995530398902e+02
4.061359646040000371e+02
3.902650412005243084e+02
3.791650153703174624e+02
3.777976759071169113e+02
3.727859521115684629e+02
3.648077674478374206e+02
3.620337117618740876e+02
3.568356703094024738e+02
3.507413509462986099e+02
3.370324313410565651e+02
3.315690165463173571e+02
3.255497164688816838e+02
3.191968399741580811e+02
2.995603978205725753e+02
3.005519142925182905e+02
2.975896708893181426e+02
2.861499430824490560e+02
2.870530429794955012e+02
2.906212003564243673e+02
2.972586573012662825e+02
2.913945828494878469e+02
2.878736535167317925e+02
2.845260227118617991e+02
2.802554104815877167e+02
2.750054757792953524e+02
2.718548267985604525e+02
2.755059070050494370e+02
2.674920637394025675e+02
2.721631109761611924e+02
2.739312986225214104e+02
2.715429693161309501e+02
2.713592944456477198e+02
2.709424358198972413e+02
2.650336552386708036e+02
2.721005462972273108e+02
2.775476452398355036e+02
2.740098245984443111e+02
2.782340259593830751e+02
2.776547189369990747e+02
2.739977838765321394e+02
2.677836871773662892e+02
2.679284909672162485e+02
2.633513434187805728e+02
2.585878775169388746e+02
2.566825826918723692e+02
2.613363734074583817e+02
2.610993686932126252e+02
2.656642308609755219e+02
2.606842786040994042e+02
2.553070005540828049e+02
2.595486370313794851e+02
2.570350474070679638e+02
2.610552511256072421e+02
2.612688817598850051e+02
2.569423782389541202e+02
2.518824453741124216e+02
2.483230472814216796e+02
2.430768576901726306e+02
2.481448469212713803e+02
2.460928519308417890e+02
2.414134366217716661e+02
2.284389991547378997e+02
2.305719616229382041e+02
2.264192322950125629e+02
2.258990732388384970e+02
2.271679676168106425e+02
2.294418306041461904e+02
2.258670852499323303e+02
2.279210041224552583e+02
2.272360597418825421e+02
2.264033156567725769e+02
2.300493223981914355e+02
2.317408795530637633e+02
2.320292340672296802e+02
2.292433364797426805e+02
2.336225951740676123e+02
2.349044274677575856e+02
2.369879644147892748e+02
2.371917036768665810e+02
2.354227453551790461e+02
2.403309687680400373e+02
2.350054840175422441e+02
2.375773817586106986e+02
2.394582889032928676e+02
2.367521367395415837e+02
2.384901331252078478e+02
2.399259355686950528e+02
2.403902980558496552e+02
2.382683164303627734e+02
2.389967867074249170e+02
2.507624345198141498e+02
2.461958392542456409e+02
2.504940134857959606e+02
2.391740968753085497e+02
2.380180888146395546e+02
2.349058442930783599e+02
2.421631151216357978e+02
2.394413707037670349e+02
2.353111329413155488e+02
2.470213034465170381e+02
2.427138533419645796e+02
2.412742803901730042e+02
2.429051059824051038e+02
2.414180373889665532e+02
2.441018605663167307e+02
2.369737009946257444e+02
2.449989139301634964e+02
2.442866045070592236e+02
2.408230157850169917e+02
2.420562999698557292e+02
2.440390610287925881e+02
2.455673590585876696e+02
2.534141267441950447e+02
2.508010244946854073e+02
2.546390250573616925e+02
2.506978515453835143e+02
2.515063866078865260e+02
2.557635617876442211e+02
2.617606411697852877e+02
2.696666795773953140e+02
2.711895023683246677e+02
2.668480064765046222e+02
2.516352779745874955e+02
2.498255119866956306e+02
2.558762960207836272e+02
2.638948686970550170e+02
2.682840304764949906e+02
2.809306314300438885e+02
2.737481588499439340e+02
2.791751595026021278e+02
2.876348139013869059e+02
2.998241232983030500e+02
3.149844281201720833e+02
3.482400978691137539e+02
3.754078667585530980e+02
3.773883866677508081e+02
4.384721448606129570e+02
5.190728222267329102e+02
4.841209576918033122e+02
4.596263110907167970e+02
4.562682632907700508e+02
4.313265778724157826e+02
4.114952123063314957e+02
5.503303940118361197e+02
4.061409050046336802e+02
3.615086713149424895e+02
3.587005741964451886e+02
3.537278739280882860e+02
3.412044152086344866e+02
3.526269466279310336e+02
3.642702847259872101e+02
3.732742042325609191e+02
3.634350945503622938e+02
3.805172837472549077e+02
3.728722723728637334e+02
3.690630933016846598e+02
3.808957553379945580e+02
3.779715848460785423e+02
3.767589948770922206e+02
3.880616092961702748e+02
3.824850154998468383e+02
3.835501744262525108e+02
3.987751039094001158e+02
4.275058741632687429e+02
4.725742532627522223e+02
5.547139023316020712e+02
5.727256797312943490e+02
5.454033020386433463e+02
4.958554847280101967e+02
5.041883221025897228e+02
5.340389471263212045e+02
6.373963051573950906e+02
6.848020442560863330e+02
6.327454279166399829e+02
5.723359606209129424e+02
5.984931994475036845e+02
5.686529689972344386e+02
6.087539729081673840e+02
5.514190860963308296e+02
5.676533216941452338e+02
5.809611135318607467e+02
6.285388657887240242e+02
5.990009706633090900e+02
5.796132944961523208e+02
5.664510342124762019e+02
5.690551781026731533e+02
5.599424006470092081e+02
5.539302587176275665e+02
5.722761478617334205e+02
5.718636043573978895e+02
6.598470968583203558e+02
7.278764880365187082e+02
7.080896141599446310e+02
6.650111097663086639e+02
6.245238980777072584e+02
6.027718056806979803e+02
5.929086372277594137e+02
5.975959730776665992e+02
7.370981418053638663e+02
7.761781992767388374e+02
7.772505706671211101e+02
7.072546755373419956e+02
7.318816376492678728e+02
8.130976216064916571e+02
9.422514535161794811e+02
7.640122431046601150e+02
8.065980455976597341e+02
7.654292175039701078e+02
1.118714751777032689e+03
9.796488277011835635e+02
9.335836147660032793e+02
9.215525572724745871e+02
1.865294891548532860e+03
1.288848941266785687e+03
1.287726625556440240e+03
1.662687809263388317e+03
1.527381777644751537e+03
1.719578400240690371e+03
1.311806553665389856e+03
1.539190850490492039e+03
1.910725156967786234e+03
1.553192969469955415e+03
1.549312681542307473e+03
1.401675316348684646e+03
1.887540223271170134e+03
2.178302165467342093e+03
2.240874811070273154e+03
2.433946983997032930e+03
2.426607067880811883e+03
2.570263362726735977e+03
2.272145039916616952e+03
2.552596805633942495e+03
3.592305366439826685e+03
3.637552441350536810e+03
2.403264048981945052e+03
2.538408472174770395e+03
2.632339393094625848e+03
2.790341534901474006e+03
2.518144256213933204e+03
1.999261210865661496e+03
2.186097536512134866e+03
2.216197613967677626e+03
2.197059726781147674e+03
2.107723389344927455e+03
2.826532477207391366e+03
2.887592779365796559e+03
2.712634384142142608e+03
2.981285443764110369e+03
2.718083315832847802e+03
1.651348138009249624e+03
1.759489483056105428e+03
1.627709205829568873e+03
1.441315609239233254e+03
1.405526892744399902e+03
1.388442529364775055e+03
1.416818892467111027e+03
1.567309438649122740e+03
1.356987093130218227e+03
1.303045097662110493e+03
1.356186747773896514e+03
1.222280199407463670e+03
1.242176720349564448e+03
1.208639470372435881e+03
1.137713531876504476e+03
1.092258283976737403e+03
1.081280420524600004e+03
1.063633227421803213e+03
1.072136502243799896e+03
1.183826636801767108e+03
1.414636370828011650e+03
1.343907246947599106e+03
1.210040919982218611e+03
1.231633218245770877e+03
1.124934237038498850e+03
1.081850097534322231e+03
1.086188185418425746e+03
1.058135732949777321e+03
1.061122913695215175e+03
1.207053155533623567e+03
1.164300442769206484e+03
1.521372918440440344e+03
1.605338896534115293e+03
1.537663170223313728e+03
1.954601096834506279e+03
2.071059993313471750e+03
2.202183674094128946e+03
2.256209194387246953e+03
2.227212754277320983e+03
1.824367688152160554e+03
1.877198477842648344e+03
2.367443229979828629e+03
1.857328832101523858e+03
1.656938567290650326e+03
2.420968304111192538e+03
1.971965600514808330e+03
1.960336438717179590e+03
1.902637983016887802e+03
1.700880486949914712e+03
1.697234328176291001e+03
1.813879218671372428e+03
1.892391528062287307e+03
1.787634940573088215e+03
1.750375513313324518e+03
1.718655139959898634e+03
1.930091605357196386e+03
2.136194682623435256e+03
1.868864423183027611e+03
2.085392559230646839e+03
1.831882980583773588e+03
1.926050536646038154e+03
1.919191412287687172e+03
1.854050825558967972e+03
1.764551784666563435e+03
1.575191708028613448e+03
1.518862429323377228e+03
1.521413633235325278e+03
1.456592413237668552e+03
1.482321261368007754e+03
1.421523991075660206e+03
1.309445678846624560e+03
1.261970290335201753e+03
1.289822388635039033e+03
1.276594607456261883e+03
1.356056152030416115e+03
1.428985354364579052e+03
1.395279556817959019e+03
1.356189772245374797e+03
1.288336895672741093e+03
1.278258319679466013e+03
1.275749855341265857e+03
1.299852200670593902e+03
1.227073421734871545e+03
1.163163714672411288e+03
1.116611283674436663e+03
1.053433096418825698e+03
1.041626661965635549e+03
9.949998743121331017e+02
9.684234911351560413e+02
9.475158254562360298e+02
9.128278480202209266e+02
8.901092789632839413e+02
8.716290389255235596e+02
8.314069593593892478e+02
7.920474014254423309e+02
7.774961960797219263e+02
7.666022841211862442e+02
7.551782433782958606e+02
7.253395634761135398e+02
6.994668803143381410e+02
7.237451159005770478e+02
7.143689229625094868e+02
6.858475819722416418e+02
6.736459829374583705e+02
6.681574913183699209e+02
6.620277055075423505e+02
6.445457376919448507e+02
6.356477744262552960e+02
6.190646373334449208e+02
5.826029733992371575e+02
5.745082971313057669e+02
5.706360869816148806e+02
5.479038516974574122e+02
5.233960441623028146e+02
5.120612597513849096e+02
5.039142465388577534e+02
4.862632454629783751e+02
4.784384082912785061e+02
4.615605379585152264e+02
4.565901956905466363e+02
4.559372217316123397e+02
4.475881773358453870e+02
4.416370288160516679e+02
4.402035457255835240e+02
4.158667687155860904e+02
4.205420458730721975e+02
4.100244181386321429e+02
3.918605022914050551e+02
3.839747871858821782e+02
3.821208846652834268e+02
3.783602194326712720e+02
3.741520682691937623e+02
3.698425275102675300e+02
3.747649101900342998e+02
3.764594990773036329e+02
3.742175749108916420e+02
3.760317613793831129e+02
3.717401351461816148e+02
3.588205500474800260e+02
3.710003997953331805e+02
3.551861711734531468e+02
3.535862664245449309e+02
3.560735410071863498e+02
3.483154028003333451e+02
3.388152012455232693e+02
3.333992922120999651e+02
3.282645291437909805e+02
3.243171665860588178e+02
3.222979002735253857e+02
3.265774283603289518e+02
3.208400884344762289e+02
3.142133433421002451e+02
3.089697744268356701e+02
