8.163698454748610778e-02
4.426897230691143742e-02
2.099631798254059795e-02
8.072054338503666451e-03
3.646769740545115039e-03
2.702949065548766999e-03
2.725024509828119761e-03
2.673461948930076684e-03
2.590408004946265393e-03
2.493118353506398096e-03
2.403997673893024448e-03
2.332645863394385878e-03
2.276319158988130559e-03
2.231059633064730058e-03
2.192947746857962840e-03
2.158445629234216536e-03
2.128863068682388705e-03
2.106244442687484064e-03
2.087122334252890839e-03
2.065934595706568448e-03
2.038704973529092968e-03
2.004915901533403828e-03
1.967366902117275319e-03
1.930087395855795878e-03
1.896050708470581065e-03
1.866399588797488553e-03
1.840085462650417310e-03
1.813594945314416342e-03
1.783074709237553179e-03
1.747752077418987656e-03
1.709735968057541451e-03
1.671202354280430184e-03
1.633182242251362366e-03
1.595992793635541253e-03
1.559763839432722586e-03
1.524589144760191486e-03
1.490528110535910365e-03
1.457596793164955178e-03
1.425774579710916302e-03
1.395015627483134129e-03
1.365260589910595066e-03
1.336441386600348150e-03
1.308481061976041930e-03
1.281299726617028331e-03
1.254812513456717796e-03
1.228926450011738570e-03
1.203539373224829295e-03
1.178537405746969994e-03
1.153781670038778358e-03
1.129097481346118910e-03
1.104256533780040208e-03
1.078938976689289330e-03
1.052677261046780239e-03
1.024747467825512385e-03
9.940500067943725850e-04
9.592135733216811382e-04
9.202937505264975919e-04
8.840390137451396672e-04
8.604479175564662147e-04
8.423446898279730345e-04
8.221813738916297415e-04
8.027817129171738869e-04
7.861463821668899761e-04
7.709947452412404612e-04
7.579244530108776058e-04
7.476577872638495844e-04
7.374406131744688959e-04
7.259906525010888928e-04
7.160218270395749072e-04
7.019293797736968731e-04
7.047046812510175196e-04
6.348249681854658058e-04
8.194592938169228610e-04
6.585047980924897421e-04
6.812532077191815272e-04
6.265281348421514445e-04
6.951674838593153603e-04
6.102921116897570700e-04
6.828453942387346064e-04
6.107600478274861260e-04
6.323280812262519965e-04
5.911437264312182673e-04
6.309288038043019825e-04
5.610738261733489579e-04
6.626838456176468257e-04
5.911195722565396569e-04
5.818629871676106154e-04
5.628282378893345594e-04
5.837477947352454066e-04
5.305812486841780893e-04
6.393991714837599398e-04
5.606387495966058373e-04
5.605881484296666630e-04
5.225412616932679230e-04
6.058227507829931765e-04
5.320492663838881885e-04
5.702187897570963572e-04
5.096088142617729612e-04
5.870508917278315347e-04
5.153158523097196766e-04
5.587476894570685398e-04
4.948641111770151011e-04
5.718536492483452865e-04
5.070044870229380640e-04
5.319184514964759875e-04
4.776007747063793505e-04
5.513041013523898790e-04
5.165107088812094559e-04
4.851496455465129868e-04
5.108334915682777614e-04
4.652042409027356260e-04
5.388210221117704056e-04
5.107596322831137311e-04
4.615182032076908087e-04
5.178207756383629984e-04
4.574277591760916709e-04
5.135604935313328083e-04
4.591051894044075933e-04
4.975473906486105585e-04
4.416025139460321401e-04
5.153688431090237745e-04
4.771359092454967700e-04
4.334453215979381887e-04
4.867640884037186346e-04
4.740875466472507294e-04
4.255066844646590790e-04
4.780133382823527105e-04
4.690340777285330375e-04
4.194797487687129396e-04
4.669788762171543889e-04
4.598194671193688845e-04
4.139912259920585638e-04
4.601096518353169464e-04
4.526856326413749763e-04
4.083288446536800721e-04
4.527017465116674926e-04
4.455625930859241635e-04
4.028173022320237257e-04
4.457918483388553419e-04
4.385715111886977755e-04
3.975452178862297456e-04
4.392773669827207037e-04
4.317542925305968733e-04
3.925839938551225539e-04
4.331453003070070322e-04
4.251597658404367890e-04
3.879740850569927220e-04
4.273962077437615096e-04
4.188087074666958548e-04
3.837430508889267278e-04
4.220601173185467851e-04
4.126765660268055086e-04
3.799205481541599832e-04
4.171871847315092936e-04
4.066101385860190830e-04
3.766035602448213320e-04
4.128951107731507262e-04
4.000704003021605427e-04
3.742544331358584227e-04
4.095418609759523447e-04
3.902771381295418933e-04
3.776272929009829357e-04
4.052377312755383026e-04
3.674457288330553665e-04
4.050560870679446976e-04
3.946649383727404334e-04
3.638620360942120447e-04
3.966487916210210008e-04
3.828394872805208362e-04
3.686474694256261877e-04
3.907029902769195893e-04
3.631001769574549180e-04
3.935936646095277553e-04
3.668429093596962498e-04
3.830801399498322659e-04
3.602927427724650204e-04
3.869307088744066130e-04
3.582637006302877227e-04
3.836613438152755508e-04
3.557700846594881775e-04
3.803089107071971463e-04
3.540569314838871474e-04
3.763761464773667919e-04
3.521850412653293461e-04
3.733504085435664847e-04
3.505678467597451455e-04
3.706528438428625710e-04
3.490600070758124247e-04
3.682205108129799629e-04
3.476750832621236303e-04
3.658756027942552014e-04
3.464287901249695455e-04
3.635159003778779051e-04
3.453599859554111712e-04
3.610713741794342626e-04
3.445057099066171024e-04
3.585190889698795466e-04
3.438743703870330909e-04
3.558937592339245660e-04
3.434434367257065677e-04
3.532423928548695971e-04
3.431638668152284894e-04
3.506175066553512531e-04
3.429546837020209116e-04
3.270452510392084472e-04
3.298758850605179658e-04
3.327347468275919048e-04
3.300982841340425978e-04
3.347080259563696165e-04
3.289312258783290877e-04
3.371480642253656449e-04
3.277994041201629893e-04
3.373946237843483686e-04
3.276749164945854851e-04
3.356544138466920589e-04
3.277627621006401330e-04
3.341795553361797517e-04
3.279410010115813858e-04
3.328345085218624823e-04
3.281463516997268218e-04
3.315143292972922719e-04
3.282876971251407318e-04
3.302681030544015362e-04
3.282704150924288262e-04
3.291732017325037902e-04
3.280480892239471332e-04
3.282512464336052914e-04
3.276059356647572263e-04
3.274186300196951067e-04
3.269791056055157343e-04
3.266830852745832687e-04
3.263399742777716122e-04
3.260427549729665421e-04
3.257503343849414246e-04
3.254913235093913858e-04
3.252580551946136723e-04
3.250765010455566504e-04
3.249336433346259830e-04
3.248633928501940492e-04
3.248046876028731203e-04
3.248460968595226267e-04
3.249261505831726798e-04
3.251540415198067146e-04
3.254486821658376982e-04
3.259003866073076979e-04
3.264319423077704065e-04
3.271021594962209857e-04
3.277449530807124262e-04
3.283494778009540447e-04
3.289242235115700619e-04
3.293154066118497139e-04
3.295285334425731476e-04
3.295227588565393002e-04
3.293351087914019298e-04
3.289696784976309371e-04
3.284985039648077496e-04
3.279689661546714998e-04
3.274621547238986677e-04
3.270413891390935358e-04
3.268023871469824472e-04
3.268637135951561008e-04
3.274678173492786052e-04
3.290146376791514850e-04
3.323852134617853401e-04
3.389932174527808778e-04
3.503592526278819495e-04
3.636375521618530663e-04
3.702273266865130645e-04
3.680240090256937111e-04
3.604172472515362229e-04
3.480896502507527593e-04
3.374365580236130349e-04
3.325093961653432443e-04
3.303624478724728384e-04
3.293136176914547033e-04
3.285105089978932694e-04
3.277920833188916979e-04
3.271402786093840056e-04
3.265691221732057122e-04
3.260636466973442470e-04
3.256100446415818210e-04
3.251955893166287191e-04
3.248106331739109010e-04
3.244487290467820044e-04
3.241040815607577940e-04
3.237726613944539103e-04
3.234506223133375548e-04
3.231353463833125514e-04
3.228252311860809669e-04
3.225205978289560124e-04
3.222223238815192527e-04
3.219349995820915892e-04
3.216594307058566861e-04
3.213956361109086661e-04
3.211411796878472233e-04
3.208951509767924521e-04
3.206525327595026844e-04
3.204109871520052430e-04
3.201680347603764500e-04
3.199182614554622428e-04
3.196550459673447460e-04
3.193701375085784442e-04
3.190565608858786655e-04
3.187063307357638434e-04
3.183205589433485568e-04
3.179045805674312448e-04
3.174639880723718931e-04
3.169916563653102219e-04
3.164692360750988634e-04
3.159002483940008782e-04
3.153307582263606629e-04
3.148046957996521785e-04
3.143283610537467450e-04
3.138845310545269646e-04
3.134554304148079885e-04
3.130281590102287838e-04
3.125977855976386070e-04
3.121660994686547273e-04
3.117367707499378972e-04
3.113140226151718147e-04
3.109021238983865581e-04
3.105017193385200386e-04
3.101139079763943649e-04
3.097410969660684089e-04
3.093977378442531903e-04
3.091746124371230471e-04
3.091185956561405589e-04
3.084637871640496859e-04
3.079023880097654111e-04
3.076128257594156748e-04
3.073035152237007074e-04
3.069670690040636430e-04
3.066591969548667826e-04
3.063612431495649929e-04
3.060626714818217632e-04
3.057572668731897052e-04
3.055060831461652851e-04
3.052388253438818823e-04
3.050213038347594817e-04
3.047522787914649423e-04
3.044760541881111685e-04
3.041525352663094366e-04
3.038717509391099855e-04
3.035897844172871438e-04
3.033462852894147784e-04
3.030992743240821467e-04
3.028994962027800109e-04
3.026745062943890182e-04
3.023734731256382089e-04
3.021156006404769070e-04
3.018856696886656880e-04
3.017095235064720530e-04
3.015413977311477180e-04
3.012676432411595293e-04
3.009217256550648467e-04
3.006914575591360453e-04
3.004655767914040580e-04
3.002522578160040983e-04
3.000627056819063845e-04
2.997970345580941009e-04
2.995038409366946913e-04
2.992480178215132050e-04
2.989554823773000504e-04
2.987056430690560884e-04
2.984523311244295196e-04
2.982334798969309662e-04
2.979337731055554397e-04
2.976151213539307994e-04
2.973473234231612428e-04
2.970943275372240938e-04
2.968345694653737256e-04
2.965896131413779907e-04
2.963045772791089564e-04
2.960469714058230266e-04
2.957505174872123214e-04
2.954867312818889083e-04
2.952402020146481184e-04
2.950502061956248537e-04
2.948036954152559279e-04
2.945705536130473526e-04
2.943429524525619781e-04
2.940817461681685045e-04
2.938103800483893866e-04
2.935501276568880510e-04
2.932802508810858008e-04
2.930458694932820858e-04
2.927917897866383064e-04
2.925629183775935453e-04
2.923351368030571219e-04
2.920610214849667812e-04
2.917711482245513078e-04
2.915355613293620540e-04
2.912641395262337827e-04
2.910353422131655549e-04
2.907639932438579097e-04
2.905405406413685268e-04
2.902720614433839654e-04
2.900471535008828316e-04
2.897788833010684945e-04
2.895606993828253747e-04
2.893011045745545284e-04
2.890881421953220938e-04
2.888224453086803319e-04
2.886106703954283148e-04
2.883379993549243896e-04
2.881154120716798673e-04
2.878490531471396448e-04
2.876148515051867288e-04
2.830569315030553087e-04
2.793536670874253178e-04
2.795313812384847552e-04
2.797445363563494814e-04
2.799292656442159844e-04
2.801040962887262737e-04
2.802226229746617131e-04
2.803158374949909484e-04
2.803766287148131624e-04
2.804196846394618899e-04
2.804400331170858610e-04
2.804408841813933219e-04
2.804255172846677364e-04
2.803947766607256401e-04
2.803488277262361646e-04
2.802639981531015643e-04
2.801455275217375369e-04
2.799673287770520764e-04
2.797973979702837125e-04
2.796270109312751564e-04
2.794501505173239086e-04
2.792244318995045047e-04
2.790706050142702601e-04
2.789500379419353237e-04
2.786612064798590698e-04
2.786784434461804690e-04
2.781634729198769244e-04
2.784551132728146200e-04
2.777944722097623847e-04
2.778724975003718164e-04
2.777240555662167476e-04
2.773992775325254492e-04
2.771427534753456712e-04
2.768682715380849243e-04
2.766366647401995432e-04
2.763981328640437336e-04
2.761958688895493614e-04
2.759651116710821355e-04
2.757245607909328202e-04
2.754701521070626667e-04
2.752279058545447623e-04
2.749931340893416957e-04
2.747286400372846897e-04
2.745060271396995493e-04
2.743134216277156928e-04
2.741322656517268638e-04
2.739421650737628735e-04
2.733184237327730866e-04
2.739694634273087811e-04
2.738108863811749834e-04
2.718621005015495131e-04
2.732446225067809470e-04
1.992528187823766877e-03
8.357150184064248257e-04
5.650644089488492811e-04
3.939698261983350428e-04
3.802991007117326400e-04
3.594844256811632541e-04
3.496043791528791189e-04
3.467605921305592595e-04
3.418439506387993825e-04
3.323229192370045159e-04
3.237903582309943087e-04
3.180128973029667963e-04
3.139586918464652948e-04
3.108391360075650023e-04
3.083191290248318210e-04
3.062449038540706941e-04
3.045184214953427929e-04
3.030625043813452765e-04
3.018178811507080768e-04
3.007395712395046546e-04
2.997958139048376223e-04
2.989664585305834132e-04
2.982396293432708584e-04
2.976081786797220470e-04
2.970637396341474653e-04
2.965955181006931277e-04
2.961909468671810653e-04
2.958385103200419572e-04
2.955272810846063468e-04
2.952473918486823545e-04
2.949912267634930015e-04
2.947537017907776464e-04
2.945325955361298691e-04
2.943281884208958071e-04
2.941413201499797027e-04
2.939741393582116172e-04
2.938248324017895706e-04
2.936910066043254891e-04
2.935698924245246132e-04
2.934578345846194643e-04
2.933524263017734833e-04
2.932526668348368372e-04
2.931564919649366535e-04
2.930624119768736433e-04
2.929691211332338891e-04
2.928756570030117859e-04
2.927810515126222802e-04
2.926845874605291478e-04
2.925856210729725019e-04
2.924835448817359341e-04
2.923779094108256934e-04
2.922678632247118977e-04
2.921539788224677601e-04
2.920358785967418604e-04
2.919135327755036547e-04
2.917863822979282194e-04
2.916546260649385759e-04
2.915182260633683792e-04
2.913772401296562298e-04
2.912316998176999144e-04
2.910813553691176509e-04
2.909265223971321162e-04
2.907667664231314221e-04
2.906021898302335029e-04
2.904324524302976263e-04
2.902580235225899071e-04
2.900782577742166686e-04
2.898939542783595096e-04
2.897040266157555554e-04
2.895092593276711763e-04
2.893085720086451505e-04
2.891028279733216973e-04
2.888909863142952454e-04
2.886738468671920738e-04
2.884509704759990870e-04
2.882231129493745118e-04
2.879900423476082884e-04
2.877519732372056053e-04
2.875090795729490071e-04
2.872627907092873138e-04
2.870131864590209371e-04
2.867613928879573170e-04
2.865080146430231105e-04
2.862538545296232622e-04
2.859999711253461514e-04
2.857471898059141908e-04
2.854965727868946212e-04
2.852489056489763215e-04
2.850047831645719822e-04
2.847648546757765623e-04
2.845296011382371696e-04
2.843000034698313816e-04
2.840766840619129855e-04
2.838591499312315136e-04
2.836472433082978155e-04
2.834416339524347089e-04
2.832427818823501074e-04
2.830496460421495254e-04
2.828618338270996800e-04
2.826790384590692441e-04
2.825005806011993701e-04
2.823255910735330458e-04
2.821538997077553939e-04
2.819836546984092287e-04
2.818128901262938451e-04
2.816394518624886476e-04
2.814615669491586755e-04
2.812748996580105012e-04
2.810759069689083844e-04
2.808674816689596745e-04
2.806646228478081278e-04
2.804852336673636383e-04
2.803328413336908650e-04
2.801835554626969809e-04
2.799920356275314277e-04
2.797180810487087947e-04
2.793597313753633411e-04
2.790003120620041183e-04
2.787750357927098739e-04
2.788451258348519828e-04
2.791635971724255199e-04
2.795125367309974187e-04
2.790221850012372293e-04
2.776852119755598351e-04
2.754996793537058445e-04
2.741224820130476014e-04
2.740116274531940056e-04
2.754187280144685182e-04
2.778189094043431598e-04
2.793472022505961473e-04
2.773945330884497744e-04
2.737943426354275188e-04
2.716741376444792170e-04
2.720833613331743225e-04
2.728108076404836915e-04
2.742503232611295870e-04
2.756228235999255076e-04
2.757541011788464049e-04
2.736133799177822628e-04
2.719468412783034917e-04
2.711249728644342773e-04
2.713619169484519748e-04
2.718963504386400615e-04
2.731806350627210894e-04
2.738568272230177346e-04
2.731473583963281372e-04
2.712818436985074948e-04
2.698483763289951428e-04
2.690026907360760946e-04
2.685184766477857819e-04
2.682474472266574493e-04
2.682175869193422391e-04
2.686644168404329945e-04
2.671791054516298885e-04
2.638184136119481045e-04
2.635633578875615159e-04
2.629631863430626805e-04
2.623491359094148444e-04
2.618071935567244362e-04
2.615174410920542768e-04
2.612112943357455179e-04
2.609415307085086546e-04
2.606924482483454820e-04
2.604258605023627255e-04
2.601599383580127526e-04
2.598940001768582455e-04
2.596261383216039512e-04
2.594449369080022486e-04
2.836572948210084114e-04
2.636286550039919807e-04
2.642993880429884870e-04
2.616120326987286956e-04
2.597915605589633356e-04
2.589204199540865825e-04
2.582755209450439144e-04
2.577296718485814868e-04
2.572530080512051951e-04
2.567800460086318184e-04
2.562863673843747588e-04
2.557362323034107800e-04
2.553216217332804502e-04
2.545586824137955001e-04
2.539753690403553292e-04
2.541662017429931935e-04
2.533928373126474558e-04
2.530055334856876406e-04
2.514667534602007463e-04
2.521942875987127669e-04
2.520804539796829601e-04
2.522375226010121520e-04
2.518675997746367139e-04
2.520030116566162031e-04
2.516746991409026858e-04
2.515721785222959413e-04
2.512639547028217859e-04
2.511528223944229439e-04
2.507012491429233981e-04
2.508334962803186003e-04
2.502400612331479902e-04
2.518539903186527824e-04
2.487002740814872972e-04
2.525446440386633286e-04
2.503743280427368940e-04
2.501282938375916972e-04
2.517214195496326632e-04
2.500146882975597443e-04
2.553162508144052757e-04
2.518944009872419571e-04
2.500745072118624405e-04
2.500848530296340979e-04
2.475802353654551102e-04
2.477116602453954255e-04
2.506900670354929067e-04
2.548865486460272223e-04
2.520469522783152496e-04
2.514510133365473361e-04
2.487338418604293010e-04
2.543849887490291263e-04
2.491731637357068991e-04
2.496183867467096978e-04
2.488344642707878535e-04
2.498308007563202859e-04
2.531300994391761966e-04
2.432303489494726570e-04
2.503684518160298467e-04
2.505987135269346282e-04
2.489168037587957531e-04
2.507372972067226742e-04
2.548663328432630108e-04
2.528860023463791310e-04
2.481339421249184889e-04
2.691299747423226145e-04
2.566466411772868510e-04
2.627568937896285206e-04
2.693709849358574327e-04
2.704294103231014872e-04
2.813699132702265969e-04
2.762065909040274550e-04
2.841281835868840586e-04
2.753099010709663796e-04
2.806094309228367709e-04
2.865414152234289024e-04
2.836750625610132788e-04
2.857067575321855721e-04
2.815493875348284709e-04
2.781058376095476474e-04
2.724926372157286344e-04
2.683270447923117403e-04
2.627211503508709617e-04
2.591371669449453853e-04
2.558280497656336620e-04
2.528656008582067893e-04
2.504123308890670013e-04
2.504488728270505018e-04
2.506261674968801307e-04
2.513908134738924039e-04
2.514504107684657503e-04
2.509689675578704801e-04
2.505549486418853149e-04
2.486797442988787372e-04
2.465238883777768437e-04
2.444164334631249440e-04
2.439051813966290443e-04
2.443328140005326596e-04
2.455258154998086507e-04
2.456314791836158081e-04
2.446490556283198166e-04
2.427134926879911589e-04
2.536640712030336655e-04
2.486911602763753910e-04
2.419129394889305506e-04
2.397177181128241376e-04
2.375849937231336946e-04
2.381613064374375440e-04
2.399567708881495840e-04
2.396759049662826140e-04
2.408595910867229490e-04
2.401319577576050855e-04
2.387257240004647392e-04
2.378148003154652768e-04
2.373342521961455196e-04
2.372394674053719850e-04
2.333990494810919052e-04
2.315837343618967542e-04
2.289434226867695442e-04
2.322917278025688924e-04
2.313625229770859383e-04
2.307698647497573416e-04
2.291731525103238374e-04
2.308828504969916975e-04
2.359996172029296896e-04
2.516632601476217665e-04
2.511760220822535964e-04
2.438772132095158617e-04
3.496303907013498247e-03
1.284682038816271693e-03
5.687397418541320160e-04
4.561348702124205898e-04
3.650499810999240612e-04
3.364418784146938342e-04
3.258832121548261608e-04
3.163265134890953399e-04
3.104487403440859563e-04
3.042554620763866682e-04
3.010465221376186951e-04
2.958249835723925645e-04
2.942969048471779140e-04
2.895533658857504735e-04
2.893483289547159874e-04
2.847469608686693538e-04
2.856257577855567608e-04
2.809836991292861508e-04
2.827523319271621266e-04
2.779863507199405344e-04
2.804228752953646779e-04
2.755703390736313611e-04
2.784075714233188656e-04
2.736062784346619055e-04
2.766994812376725836e-04
2.719737857084826029e-04
2.752420742599868638e-04
2.705796708011933048e-04
2.739545397700418952e-04
2.693503844725176938e-04
2.728048603618232607e-04
2.682289976254818116e-04
2.717028402578446620e-04
2.671636165712475662e-04
2.706874088011207002e-04
2.661323804724296366e-04
2.695746322332320940e-04
2.650750068322831445e-04
2.686351461084179318e-04
2.640595502809298459e-04
2.673047212961044425e-04
2.629047812661156058e-04
2.665613249017933064e-04
2.619690215452668983e-04
2.647707730588712044e-04
2.606283452798973375e-04
2.644733555213434170e-04
2.599578723935077533e-04
2.620889516000882808e-04
2.583461494822939029e-04
2.623299325784259430e-04
2.580662479960330979e-04
2.595700971141923219e-04
2.561655291712519947e-04
2.601724677797577750e-04
2.563434921155151357e-04
2.570298458930646681e-04
2.541169984508495909e-04
2.578895786130914916e-04
2.544450592778252232e-04
2.546638629146215100e-04
2.522310125493035606e-04
2.572826464418131727e-04
2.464904025647247530e-04
2.435300503210022151e-04
2.457137311373989389e-04
2.430039596071523840e-04
2.462539326801078845e-04
2.434188610670983668e-04
2.419075802264364502e-04
2.443039490145212868e-04
2.415033950641447096e-04
2.442321597392984375e-04
2.413794731813939231e-04
2.409035046834365559e-04
2.400577977081114623e-04
2.413829623742922369e-04
2.403353542571754289e-04
2.429632768325973302e-04
2.415322028819177045e-04
2.380485113499904626e-04
2.385000981139827011e-04
2.377319688093848526e-04
2.397377803037893413e-04
2.382186245011659782e-04
2.353156010123748972e-04
2.364198163024634509e-04
2.344122984475094948e-04
2.354659389274441994e-04
2.332388878353320325e-04
2.334181165734866700e-04
2.322500587645348038e-04
2.335009314488068486e-04
2.320721579628892120e-04
2.297431236336112145e-04
2.310101273386473025e-04
2.291337280309692674e-04
2.284537203733486086e-04
2.277399292566138734e-04
2.284819536874479389e-04
2.268225245494918192e-04
2.270627137106054425e-04
2.258342838660832880e-04
2.261872923183397353e-04
2.249292822908705166e-04
2.250873290087875619e-04
2.240360785324402022e-04
2.241391729865204157e-04
2.231931555760805852e-04
2.231811137177401702e-04
2.224195015923196130e-04
2.222831007740602792e-04
2.217297323466259600e-04
2.214632349561576694e-04
2.210888657029908282e-04
2.207578041374550295e-04
2.204550761160469126e-04
2.201347114703598978e-04
2.198385482930758771e-04
2.195393408699750006e-04
2.192411609160314597e-04
2.189348079085977165e-04
2.185762386943679303e-04
2.181380156371789882e-04
2.176016524590894071e-04
2.167409988849575923e-04
2.168344799429178238e-04
2.158646103100404529e-04
2.180456311699734812e-04
2.180459562864876767e-04
2.175708928285641653e-04
2.187020954621328624e-04
2.187210153277526121e-04
2.204869363465279989e-04
2.190408612273595456e-04
2.173951483831731545e-04
2.164173691161689706e-04
2.162827402163220889e-04
2.158504056361770069e-04
2.157555751108127158e-04
2.158888027577409135e-04
2.161169013190225661e-04
2.158647097233796944e-04
2.151056263644523787e-04
2.148141779334578917e-04
2.135777676998333423e-04
2.149053564478111170e-04
2.141120075604555160e-04
2.160334063643988870e-04
2.181388224517850525e-04
2.167808615180250454e-04
2.149958774531782830e-04
2.131399501659147187e-04
2.129821637490935369e-04
2.161784954184941816e-04
2.140049596628345295e-04
2.142510219323876474e-04
2.154101985812600505e-04
2.143616783337629560e-04
2.178381034484898023e-04
2.138267684168400817e-04
2.147359136127919156e-04
2.140820057431891692e-04
2.131433878331540218e-04
2.107160579150647048e-04
2.133557669478658718e-04
2.117695468620454187e-04
2.160096795408634920e-04
2.213076837432133477e-04
2.185439104267766634e-04
2.134106759271793584e-04
2.108970342936916220e-04
2.151884462883962130e-04
2.127260402408048248e-04
2.178369181727211282e-04
2.119928472262583730e-04
2.128583873112505499e-04
2.089579768148631120e-04
2.069652395480911153e-04
2.080252285980220236e-04
2.112415998880704036e-04
2.098617940423629915e-04
2.082935637617436340e-04
2.155032533646218987e-04
2.222793400691517977e-04
2.150988912035245448e-04
2.063340869018266297e-04
2.108534902859270056e-04
2.116395260191912151e-04
2.057822623880513661e-04
2.029151565155337602e-04
1.998794975165486853e-04
2.002638084006172568e-04
2.077945177823457227e-04
2.059276288937140510e-04
2.167655668240420783e-04
2.686954381084544641e-04
2.456882076720440949e-04
2.270430654325351373e-04
2.341946046912272809e-04
2.327491509982346717e-04
2.305435978365605754e-04
2.244583937477282408e-04
2.186217283525941450e-04
2.229951830801782170e-04
2.203183936885301541e-04
2.213755232871186882e-04
2.266489373512889296e-04
2.212761270983515242e-04
2.218044049056646131e-04
2.138537808549495348e-04
2.097233332371652766e-04
2.097561372632911626e-04
2.066574493162951724e-04
2.049671553434062880e-04
2.029804070806843586e-04
2.034728368387880772e-04
1.988537131145843662e-04
2.073643026589558423e-04
2.005682284533930114e-04
2.015485987779969547e-04
1.997764335026992928e-04
1.962935770725194619e-04
2.017327482165882815e-04
1.999803264750101321e-04
1.967790532424779797e-04
2.115441858055716183e-04
2.118484991690505173e-04
2.134611722609332414e-04
2.143661240923541635e-04
2.032119794291377716e-04
2.033930751928651000e-04
1.938953117095646805e-04
1.992152607940346520e-04
1.950828067195715834e-04
2.062646345453982976e-04
2.079612107137313178e-04
1.959208317685454050e-04
1.975877804602068689e-04
1.947078329679670264e-04
1.997322077080084717e-04
1.976504915676611759e-04
2.092122384204472189e-04
2.095023024148944511e-04
2.090322565464350292e-04
2.082005704899214085e-04
