3.380000000000000568e+02
3.400000000000001137e+02
3.340000000000001137e+02
3.369999999999999432e+02
3.419999999999998863e+02
3.539999999999999432e+02
3.509999999999998863e+02
3.439999999999999432e+02
3.499999999999998863e+02
3.419999999999998863e+02
3.299999999999999432e+02
3.079999999999998863e+02
3.009999999999998863e+02
2.890000000000000568e+02
2.950000000000001137e+02
3.020000000000000000e+02
3.009999999999998863e+02
3.029999999999998863e+02
3.020000000000000000e+02
3.029999999999998863e+02
2.990000000000001137e+02
2.970000000000000568e+02
2.930000000000001137e+02
2.920000000000000000e+02
2.939999999999999432e+02
2.980000000000000568e+02
2.980000000000000568e+02
2.999999999999999432e+02
3.040000000000000568e+02
3.060000000000000000e+02
3.020000000000000000e+02
3.029999999999998863e+02
2.959999999999999432e+02
2.910000000000001137e+02
2.910000000000001137e+02
2.910000000000001137e+02
2.899999999999999432e+02
2.890000000000000568e+02
2.880000000000000568e+02
2.870000000000000568e+02
2.850000000000000568e+02
2.840000000000000568e+02
2.859999999999999432e+02
2.870000000000000568e+02
2.830000000000000000e+02
2.809999999999998863e+02
2.830000000000000000e+02
2.799999999999998863e+02
2.779999999999999432e+02
2.799999999999998863e+02
2.820000000000000568e+02
2.830000000000000000e+02
2.840000000000000568e+02
2.830000000000000000e+02
2.850000000000000568e+02
2.859999999999999432e+02
2.830000000000000000e+02
2.850000000000000568e+02
2.890000000000000568e+02
2.890000000000000568e+02
2.899999999999999432e+02
2.890000000000000568e+02
2.930000000000001137e+02
2.920000000000000000e+02
2.899999999999999432e+02
2.890000000000000568e+02
2.870000000000000568e+02
2.880000000000000568e+02
2.859999999999999432e+02
2.880000000000000568e+02
2.899999999999999432e+02
2.859999999999999432e+02
2.830000000000000000e+02
2.880000000000000568e+02
2.899999999999999432e+02
2.910000000000001137e+02
2.920000000000000000e+02
2.959999999999999432e+02
2.939999999999999432e+02
2.939999999999999432e+02
2.890000000000000568e+02
2.890000000000000568e+02
2.930000000000001137e+02
2.939999999999999432e+02
2.959999999999999432e+02
3.020000000000000000e+02
3.029999999999998863e+02
3.029999999999998863e+02
3.060000000000000000e+02
3.129999999999998863e+02
3.270000000000000000e+02
3.429999999999998295e+02
3.480000000000000568e+02
3.539999999999999432e+02
3.650000000000000000e+02
3.760000000000000568e+02
3.889999999999998295e+02
4.069999999999998295e+02
4.090000000000001705e+02
4.120000000000001137e+02
4.149999999999998295e+02
4.160000000000000000e+02
4.160000000000000000e+02
4.170000000000000000e+02
4.149999999999998295e+02
4.229999999999998295e+02
4.549999999999999432e+02
4.809999999999999432e+02
4.940000000000001705e+02
4.869999999999999432e+02
4.809999999999999432e+02
4.760000000000001705e+02
4.670000000000000568e+02
4.670000000000000568e+02
4.570000000000001705e+02
4.410000000000000000e+02
4.380000000000001137e+02
4.359999999999999432e+02
4.309999999999998295e+02
4.399999999999998295e+02
4.610000000000000568e+02
4.850000000000000568e+02
5.050000000000001705e+02
5.249999999999998863e+02
5.560000000000000000e+02
5.690000000000000000e+02
5.460000000000001137e+02
5.290000000000000000e+02
5.119999999999999432e+02
4.979999999999999432e+02
4.979999999999999432e+02
4.899999999999998295e+02
4.829999999999997726e+02
4.970000000000001137e+02
5.439999999999997726e+02
6.000000000000000000e+02
6.790000000000001137e+02
7.839999999999997726e+02
7.520000000000001137e+02
7.339999999999996589e+02
7.810000000000001137e+02
7.889999999999996589e+02
8.340000000000001137e+02
8.810000000000003411e+02
9.039999999999996589e+02
9.099999999999998863e+02
9.020000000000003411e+02
9.439999999999997726e+02
9.280000000000001137e+02
9.189999999999998863e+02
9.169999999999997726e+02
8.760000000000002274e+02
8.629999999999997726e+02
8.589999999999996589e+02
8.720000000000000000e+02
8.989999999999997726e+02
9.119999999999996589e+02
9.139999999999996589e+02
1.020999999999999773e+03
1.111000000000000455e+03
1.100999999999999773e+03
1.011000000000000114e+03
9.769999999999995453e+02
9.720000000000000000e+02
1.031000000000000227e+03
1.121000000000000000e+03
1.251000000000000455e+03
1.220999999999999773e+03
1.210999999999999545e+03
1.190999999999999773e+03
1.280999999999999545e+03
1.421000000000000000e+03
1.430999999999999545e+03
1.351000000000000227e+03
1.311000000000000227e+03
1.411000000000000682e+03
1.481000000000000455e+03
1.520999999999999545e+03
1.540999999999999545e+03
1.540999999999999545e+03
1.500999999999999773e+03
1.751000000000000227e+03
2.050999999999999091e+03
2.471000000000000000e+03
2.781000000000000455e+03
2.811000000000000455e+03
2.741000000000000455e+03
2.641000000000000909e+03
2.361000000000000455e+03
2.101000000000000455e+03
1.850999999999999318e+03
1.651000000000000682e+03
1.520999999999999545e+03
1.400999999999999318e+03
1.340999999999999773e+03
1.421000000000000000e+03
1.370999999999999773e+03
1.251000000000000455e+03
1.170999999999999773e+03
1.100999999999999773e+03
1.051000000000000227e+03
1.051000000000000227e+03
1.031000000000000227e+03
9.759999999999995453e+02
9.109999999999998863e+02
8.559999999999998863e+02
7.950000000000001137e+02
7.540000000000001137e+02
7.280000000000000000e+02
6.970000000000001137e+02
6.790000000000001137e+02
6.639999999999997726e+02
6.599999999999998863e+02
6.540000000000001137e+02
6.490000000000002274e+02
6.540000000000001137e+02
6.760000000000001137e+02
6.930000000000000000e+02
7.829999999999997726e+02
1.031000000000000227e+03
1.020999999999999773e+03
9.969999999999998863e+02
9.690000000000002274e+02
9.330000000000001137e+02
9.000000000000001137e+02
8.440000000000002274e+02
7.999999999999998863e+02
7.880000000000001137e+02
8.789999999999997726e+02
1.100999999999999773e+03
1.311000000000000227e+03
1.810999999999999545e+03
1.911000000000000227e+03
1.880999999999999318e+03
1.771000000000000455e+03
1.621000000000000227e+03
1.590999999999999773e+03
1.500999999999999773e+03
1.440999999999999545e+03
1.421000000000000000e+03
1.471000000000000682e+03
1.451000000000000000e+03
1.511000000000000455e+03
1.701000000000000000e+03
1.730999999999999318e+03
1.850999999999999318e+03
1.921000000000000682e+03
1.961000000000000000e+03
1.841000000000000682e+03
1.710999999999999773e+03
1.641000000000000455e+03
1.670999999999999318e+03
1.590999999999999773e+03
1.520999999999999545e+03
1.621000000000000227e+03
1.810999999999999545e+03
1.940999999999999545e+03
1.900999999999999318e+03
1.751000000000000227e+03
1.730999999999999318e+03
1.790999999999999318e+03
1.880999999999999318e+03
2.001000000000000000e+03
1.911000000000000227e+03
1.861000000000000000e+03
1.850999999999999318e+03
1.721000000000000000e+03
1.721000000000000000e+03
1.751000000000000227e+03
1.710999999999999773e+03
1.641000000000000455e+03
1.571000000000000000e+03
1.461000000000000227e+03
1.370999999999999773e+03
1.291000000000000000e+03
1.220999999999999773e+03
1.160999999999999545e+03
1.141000000000000227e+03
1.080999999999999773e+03
1.031000000000000227e+03
9.919999999999995453e+02
9.750000000000001137e+02
9.679999999999996589e+02
9.459999999999997726e+02
9.109999999999998863e+02
8.810000000000003411e+02
8.510000000000002274e+02
8.209999999999996589e+02
7.980000000000002274e+02
7.900000000000002274e+02
7.720000000000002274e+02
7.600000000000001137e+02
7.389999999999997726e+02
7.280000000000000000e+02
7.139999999999997726e+02
7.030000000000001137e+02
6.930000000000000000e+02
6.899999999999997726e+02
6.760000000000001137e+02
6.699999999999998863e+02
6.499999999999998863e+02
6.369999999999998863e+02
6.290000000000002274e+02
6.149999999999997726e+02
5.989999999999998863e+02
5.859999999999997726e+02
5.809999999999997726e+02
5.750000000000001137e+02
5.530000000000001137e+02
5.480000000000002274e+02
5.570000000000001137e+02
5.420000000000001137e+02
5.429999999999998863e+02
5.300000000000000000e+02
5.220000000000002274e+02
5.170000000000000000e+02
5.030000000000000000e+02
4.859999999999999432e+02
4.800000000000000000e+02
4.760000000000001705e+02
4.619999999999998863e+02
4.610000000000000568e+02
4.530000000000001137e+02
4.359999999999999432e+02
4.229999999999998295e+02
4.270000000000001137e+02
4.170000000000000000e+02
4.100000000000001705e+02
3.919999999999998863e+02
3.870000000000000568e+02
3.790000000000000000e+02
3.689999999999999432e+02
3.699999999999998863e+02
3.670000000000001137e+02
3.560000000000000000e+02
3.529999999999999432e+02
3.450000000000001705e+02
3.360000000000000000e+02
3.290000000000000000e+02
3.210000000000000000e+02
3.100000000000000568e+02
3.050000000000000568e+02
2.910000000000001137e+02
2.910000000000001137e+02
2.870000000000000568e+02
2.880000000000000568e+02
2.910000000000001137e+02
2.939999999999999432e+02
2.910000000000001137e+02
2.850000000000000568e+02
2.830000000000000000e+02
2.770000000000000000e+02
2.759999999999998863e+02
2.750000000000001137e+02
2.720000000000001137e+02
2.720000000000001137e+02
2.710000000000000568e+02
2.720000000000001137e+02
2.720000000000001137e+02
2.710000000000000568e+02
2.710000000000000568e+02
2.710000000000000568e+02
2.710000000000000568e+02
2.720000000000001137e+02
2.720000000000001137e+02
2.700000000000000568e+02
2.740000000000000568e+02
2.700000000000000568e+02
2.670000000000000568e+02
2.649999999999999432e+02
2.589999999999998863e+02
2.559999999999999432e+02
2.559999999999999432e+02
2.580000000000000000e+02
2.619999999999999432e+02
2.610000000000000568e+02
2.570000000000000568e+02
2.559999999999999432e+02
2.570000000000000568e+02
2.570000000000000568e+02
2.589999999999998863e+02
2.570000000000000568e+02
2.520000000000000284e+02
2.480000000000000853e+02
2.429999999999999432e+02
2.440000000000000568e+02
2.450000000000001137e+02
2.420000000000000853e+02
2.309999999999999432e+02
2.290000000000000568e+02
2.239999999999999432e+02
2.260000000000000853e+02
2.250000000000000000e+02
2.250000000000000000e+02
2.250000000000000000e+02
2.230000000000000284e+02
2.219999999999999716e+02
2.219999999999999716e+02
2.250000000000000000e+02
2.260000000000000853e+02
2.270000000000000568e+02
2.270000000000000568e+02
2.290000000000000568e+02
2.309999999999999432e+02
2.319999999999999716e+02
2.329999999999999147e+02
2.329999999999999147e+02
2.350000000000000000e+02
2.329999999999999147e+02
2.340000000000000568e+02
2.340000000000000568e+02
2.340000000000000568e+02
2.350000000000000000e+02
2.370000000000000853e+02
2.360000000000001137e+02
2.350000000000000000e+02
2.370000000000000853e+02
2.420000000000000853e+02
2.420000000000000853e+02
2.459999999999999147e+02
2.380000000000000853e+02
2.370000000000000853e+02
2.329999999999999147e+02
2.300000000000000568e+02
2.290000000000000568e+02
2.300000000000000568e+02
2.350000000000000000e+02
2.340000000000000568e+02
2.350000000000000000e+02
2.360000000000001137e+02
2.329999999999999147e+02
2.350000000000000000e+02
2.340000000000000568e+02
2.380000000000000853e+02
2.380000000000000853e+02
2.390000000000000853e+02
2.380000000000000853e+02
2.380000000000000853e+02
2.399999999999999716e+02
2.459999999999999147e+02
2.450000000000001137e+02
2.499999999999998863e+02
2.489999999999999432e+02
2.480000000000000853e+02
2.489999999999999432e+02
2.530000000000000284e+02
2.619999999999999432e+02
2.639999999999999432e+02
2.649999999999999432e+02
2.549999999999999147e+02
2.470000000000000568e+02
2.499999999999998863e+02
2.540000000000000000e+02
2.599999999999999432e+02
2.690000000000000000e+02
2.710000000000000568e+02
2.730000000000000000e+02
2.770000000000000000e+02
2.840000000000000568e+02
2.950000000000001137e+02
3.160000000000000568e+02
3.380000000000000568e+02
3.529999999999999432e+02
3.820000000000000568e+02
3.880000000000000568e+02
4.510000000000001137e+02
4.760000000000001705e+02
4.520000000000001705e+02
4.369999999999998863e+02
4.270000000000001137e+02
4.929999999999998863e+02
4.399999999999998295e+02
3.850000000000001705e+02
3.600000000000000568e+02
3.470000000000000568e+02
3.429999999999998295e+02
3.519999999999998863e+02
3.509999999999998863e+02
3.620000000000001705e+02
3.600000000000000568e+02
3.629999999999998863e+02
3.659999999999998863e+02
3.680000000000001137e+02
3.689999999999999432e+02
3.709999999999999432e+02
3.719999999999998863e+02
3.780000000000001137e+02
3.840000000000000000e+02
3.749999999999999432e+02
3.760000000000000568e+02
3.910000000000000000e+02
4.199999999999999432e+02
4.510000000000001137e+02
5.140000000000002274e+02
5.609999999999997726e+02
5.210000000000000000e+02
5.030000000000000000e+02
4.950000000000000000e+02
5.329999999999998863e+02
5.840000000000000000e+02
6.300000000000001137e+02
5.950000000000002274e+02
5.579999999999998863e+02
5.540000000000001137e+02
5.570000000000001137e+02
5.850000000000002274e+02
5.560000000000000000e+02
5.560000000000000000e+02
5.960000000000001137e+02
6.050000000000002274e+02
5.780000000000001137e+02
5.660000000000001137e+02
5.619999999999998863e+02
5.439999999999997726e+02
5.420000000000001137e+02
5.489999999999998863e+02
5.460000000000001137e+02
5.640000000000002274e+02
6.010000000000000000e+02
6.559999999999997726e+02
6.839999999999997726e+02
6.590000000000000000e+02
6.309999999999997726e+02
6.059999999999998863e+02
5.760000000000001137e+02
5.989999999999998863e+02
6.720000000000000000e+02
7.300000000000000000e+02
7.269999999999998863e+02
6.989999999999998863e+02
7.509999999999997726e+02
7.900000000000002274e+02
8.419999999999998863e+02
8.230000000000000000e+02
7.990000000000000000e+02
7.769999999999998863e+02
8.110000000000002274e+02
8.829999999999997726e+02
1.031000000000000227e+03
1.031000000000000227e+03
1.060999999999999773e+03
1.121000000000000000e+03
1.320999999999999773e+03
1.581000000000000682e+03
1.600999999999999545e+03
1.490999999999999318e+03
1.520999999999999545e+03
1.751000000000000227e+03
1.670999999999999318e+03
1.651000000000000682e+03
1.500999999999999773e+03
1.391000000000000000e+03
1.531000000000000455e+03
1.821000000000000682e+03
2.261000000000000000e+03
2.471000000000000000e+03
2.581000000000000909e+03
2.410999999999999091e+03
2.290999999999999091e+03
2.570999999999999091e+03
3.070999999999999545e+03
3.051000000000000909e+03
2.561000000000000909e+03
2.350999999999999091e+03
2.211000000000000000e+03
2.280999999999999091e+03
2.261000000000000000e+03
1.981000000000000455e+03
2.031000000000000682e+03
2.160999999999999091e+03
2.331000000000000455e+03
2.661000000000000000e+03
3.161000000000000909e+03
3.241000000000000455e+03
3.131000000000000909e+03
2.720999999999999545e+03
2.481000000000000455e+03
2.170999999999999545e+03
1.921000000000000682e+03
1.710999999999999773e+03
1.581000000000000682e+03
1.471000000000000682e+03
1.411000000000000682e+03
1.461000000000000227e+03
1.500999999999999773e+03
1.400999999999999318e+03
1.311000000000000227e+03
1.251000000000000455e+03
1.190999999999999773e+03
1.141000000000000227e+03
1.131000000000000455e+03
1.111000000000000455e+03
1.090999999999999773e+03
1.051000000000000227e+03
1.041000000000000455e+03
1.051000000000000227e+03
1.111000000000000455e+03
1.261000000000000455e+03
1.300999999999999545e+03
1.271000000000000227e+03
1.220999999999999773e+03
1.160999999999999545e+03
1.111000000000000455e+03
1.080999999999999773e+03
1.051000000000000227e+03
1.060999999999999773e+03
1.100999999999999773e+03
1.141000000000000227e+03
1.351000000000000227e+03
1.520999999999999545e+03
1.511000000000000455e+03
1.621000000000000227e+03
1.740999999999999773e+03
1.870999999999999318e+03
2.141000000000000000e+03
2.190999999999999545e+03
2.170999999999999545e+03
2.251000000000000455e+03
2.190999999999999545e+03
2.021000000000000455e+03
1.950999999999999318e+03
2.050999999999999091e+03
2.041000000000000227e+03
1.961000000000000000e+03
1.870999999999999318e+03
1.790999999999999318e+03
1.740999999999999773e+03
1.830999999999999545e+03
1.850999999999999318e+03
1.841000000000000682e+03
1.751000000000000227e+03
1.801000000000000000e+03
1.821000000000000682e+03
1.891000000000000227e+03
1.981000000000000455e+03
2.001000000000000000e+03
2.050999999999999091e+03
1.961000000000000000e+03
1.921000000000000682e+03
1.850999999999999318e+03
1.760999999999999545e+03
1.651000000000000682e+03
1.561000000000000455e+03
1.481000000000000455e+03
1.421000000000000000e+03
1.381000000000000455e+03
1.351000000000000227e+03
1.331000000000000455e+03
1.291000000000000000e+03
1.261000000000000455e+03
1.271000000000000227e+03
1.311000000000000227e+03
1.400999999999999318e+03
1.391000000000000000e+03
1.351000000000000227e+03
1.320999999999999773e+03
1.300999999999999545e+03
1.280999999999999545e+03
1.261000000000000455e+03
1.231000000000000455e+03
1.181000000000000000e+03
1.131000000000000455e+03
1.090999999999999773e+03
1.051000000000000227e+03
1.020999999999999773e+03
9.900000000000001137e+02
9.540000000000003411e+02
9.289999999999996589e+02
9.159999999999996589e+02
8.849999999999998863e+02
8.549999999999997726e+02
8.219999999999997726e+02
7.929999999999997726e+02
7.760000000000002274e+02
7.580000000000000000e+02
7.399999999999997726e+02
7.259999999999997726e+02
7.250000000000000000e+02
7.030000000000001137e+02
6.890000000000001137e+02
6.899999999999997726e+02
6.760000000000001137e+02
6.630000000000000000e+02
6.509999999999997726e+02
6.409999999999998863e+02
6.240000000000001137e+02
6.019999999999998863e+02
5.790000000000002274e+02
5.650000000000002274e+02
5.489999999999998863e+02
5.329999999999998863e+02
5.200000000000000000e+02
5.050000000000001705e+02
4.940000000000001705e+02
4.760000000000001705e+02
4.649999999999998295e+02
4.570000000000001705e+02
4.560000000000001705e+02
4.520000000000001705e+02
4.510000000000001137e+02
4.350000000000000568e+02
4.260000000000001705e+02
4.180000000000000000e+02
4.059999999999999432e+02
3.860000000000000568e+02
3.810000000000001137e+02
3.820000000000000568e+02
3.810000000000001137e+02
3.749999999999999432e+02
3.780000000000001137e+02
3.740000000000001137e+02
3.719999999999998863e+02
3.800000000000000568e+02
3.760000000000000568e+02
3.620000000000001705e+02
3.670000000000001137e+02
3.609999999999998295e+02
3.539999999999999432e+02
3.560000000000000000e+02
3.519999999999998863e+02
3.470000000000000568e+02
3.369999999999999432e+02
3.280000000000001137e+02
3.249999999999999432e+02
3.249999999999999432e+02
3.280000000000001137e+02
3.229999999999999432e+02
3.180000000000000000e+02
3.139999999999998863e+02
3.100000000000000568e+02
3.060000000000000000e+02
